0 16383 4
1647099 4 16383
3294199 -16383 4
4941298 -4 -16383
6588397 16383 4
8235497 -4 16383
-1647099 -4 -16383
-6588397 16383 4
13176795 16383 4
9516574 -15393 5605
11328383 -3127 -16083
-4081146 -11985 11172
11474792 -858 -16361
5911256 13083 -9862
-4666781 -4240 15826
-1079765 8438 -14045
4227555 -10309 -12732
12353245 11585 -11586
12499654 13083 -9862
-3477210 -16134 2847
12609460 14045 -8438
12334944 11381 -11786
3001381 -15746 4520
9242057 -13420 9397
-3788328 -14599 7438
1738605 -1430 16319
11511394 -290 -16378
9077347 -11786 11381
12389847 11985 -11172
